a = 5;x = 2; y = 8;
diary on;
y = exp(-a)*sin(x)+10*sqrt(y);
y

y =

   28.2904

log(142);
clc
log(142)

ans =

    4.9558

log2(142)

ans =

    7.1497

log10(142)

ans =

    2.1523

sin(pi/4)

ans =

    0.7071

x=0:pi/100:2*pi;
y=sin(x);
plot(x,y);
y

y =

  Columns 1 through 12

         0    0.0314    0.0628    0.0941    0.1253    0.1564    0.1874    0.2181    0.2487    0.2790    0.3090    0.3387

  Columns 13 through 24

    0.3681    0.3971    0.4258    0.4540    0.4818    0.5090    0.5358    0.5621    0.5878    0.6129    0.6374    0.6613

  Columns 25 through 36

    0.6845    0.7071    0.7290    0.7501    0.7705    0.7902    0.8090    0.8271    0.8443    0.8607    0.8763    0.8910

  Columns 37 through 48

    0.9048    0.9178    0.9298    0.9409    0.9511    0.9603    0.9686    0.9759    0.9823    0.9877    0.9921    0.9956

  Columns 49 through 60

    0.9980    0.9995    1.0000    0.9995    0.9980    0.9956    0.9921    0.9877    0.9823    0.9759    0.9686    0.9603

  Columns 61 through 72

    0.9511    0.9409    0.9298    0.9178    0.9048    0.8910    0.8763    0.8607    0.8443    0.8271    0.8090    0.7902

  Columns 73 through 84

    0.7705    0.7501    0.7290    0.7071    0.6845    0.6613    0.6374    0.6129    0.5878    0.5621    0.5358    0.5090

  Columns 85 through 96

    0.4818    0.4540    0.4258    0.3971    0.3681    0.3387    0.3090    0.2790    0.2487    0.2181    0.1874    0.1564

  Columns 97 through 108

    0.1253    0.0941    0.0628    0.0314    0.0000   -0.0314   -0.0628   -0.0941   -0.1253   -0.1564   -0.1874   -0.2181

  Columns 109 through 120

   -0.2487   -0.2790   -0.3090   -0.3387   -0.3681   -0.3971   -0.4258   -0.4540   -0.4818   -0.5090   -0.5358   -0.5621

  Columns 121 through 132

   -0.5878   -0.6129   -0.6374   -0.6613   -0.6845   -0.7071   -0.7290   -0.7501   -0.7705   -0.7902   -0.8090   -0.8271

  Columns 133 through 144

   -0.8443   -0.8607   -0.8763   -0.8910   -0.9048   -0.9178   -0.9298   -0.9409   -0.9511   -0.9603   -0.9686   -0.9759

  Columns 145 through 156

   -0.9823   -0.9877   -0.9921   -0.9956   -0.9980   -0.9995   -1.0000   -0.9995   -0.9980   -0.9956   -0.9921   -0.9877

  Columns 157 through 168

   -0.9823   -0.9759   -0.9686   -0.9603   -0.9511   -0.9409   -0.9298   -0.9178   -0.9048   -0.8910   -0.8763   -0.8607

  Columns 169 through 180

   -0.8443   -0.8271   -0.8090   -0.7902   -0.7705   -0.7501   -0.7290   -0.7071   -0.6845   -0.6613   -0.6374   -0.6129

  Columns 181 through 192

   -0.5878   -0.5621   -0.5358   -0.5090   -0.4818   -0.4540   -0.4258   -0.3971   -0.3681   -0.3387   -0.3090   -0.2790

  Columns 193 through 201

   -0.2487   -0.2181   -0.1874   -0.1564   -0.1253   -0.0941   -0.0628   -0.0314   -0.0000

clc
xlable('x=0:2\pi');
{Undefined function or variable 'xlable'.
} 
xlabel('x=0:2\pi');
ylabel('sin of x');
title('plot of sin');
plott(x,y)
{Undefined function or variable 'plott'.
} 
plot(x,y)
xlable('x=0:2\pi');
{Undefined function or variable 'xlable'.
} 
xlabel('x=0:2\pi');
ylabel('sin of x');
title('plot of sin');
plott(x,y)
{Undefined function or variable 'plott'.
} 
plot(x,y)
xlabel('x=0:2\pi');
ylabel('sin of x');
title('plot of sin');
plott(x,y)
{Undefined function or variable 'plott'.
} 
plot(x,y);
xlabel('x=0:2\pi');
ylabel('sin of theta');
title('plot of sin')

plot(x,y);
xlabel('x=0:2\pi');
ylabel('sin of theta');
title('plot of sin')
